666666666666666666666666666666666666666666666666666666666666666666ÙFSTEP 1
ß

w6666666666666666666666666666666666666666666666666666666666666666666666666666666
66666666666666666666666666666666666666666666666666666666666666666666666666666666
66666666666666666666666666666666666666666666666666666666666666666666666666666666
66666666666666666666666666666666666666666666666666666666666666666666666666666666
66666666666666666666666666666666666666666666666666666666666666666666666666666666
66666666666666666666666666666666666666666666666666666666666666666666666666666666
66666666666666666666666666666666666666666666666666666666666666666666666666666666
66666666666666666666666666666666666666666666666666666666666666666666666666666666
66666666666666666666666666666666666666666666666666666666666666666666666666666666
66666666666666666666666666666666666666666666666666666666666666666666666666666666
66666666666666666666666666666666666666666666666666666666666666666666666666666666
66666666666666666666666666666666666666666666666666666666666666666666666666666666
6666666666666666666666666666666666666666666666666666666666666666ØF

0x403







